==> anisotropy_surrogate_distribution.csv <==
surrogate_max
10957.6962994129
49772.0057725053
34346.48483159342
57451.46811505879
31924.184918368763
45758.02785779583
616.6143153035803
52791.626524558655
784.5693069208929

==> anisotropy_sweep_full_sphere.csv <==
gx,gy,gz,energy
0.0,0.0,1.0,0.0
0.0,0.0,1.0,0.0
0.0,0.0,1.0,0.0
0.0,0.0,1.0,0.0
0.0,0.0,1.0,0.0
0.0,0.0,1.0,0.0
0.0,0.0,1.0,0.0
0.0,0.0,1.0,0.0
0.0,0.0,1.0,0.0

==> anisotropy_top_directions.csv <==
theta_deg,phi_deg,energy
90.0,290.0,0.6587975330513197
90.0,110.0,0.6587975330513197
90.0,288.0,0.6586896064844322
90.0,108.0,0.6586896064844322
90.0,292.0,0.6581318139994533
90.0,112.0,0.6581318139994533
88.0,110.0,0.6579951342115874
92.0,110.0,0.6579951342115874
92.0,290.0,0.6579951342115873

==> axis_angular_velocity.csv <==
date,theta_unwrapped,theta_smooth,omega_raw,omega_smooth,omega_filtered
1975-01-03,128.33854734135366,128.33852679791278,-24.342404812417712,-24.337519574802144,-24.337519574802144
1975-01-04,128.2719014691773,128.27189430078806,-24.372213588212617,-24.368057030449563,-24.368057030449563
1975-01-05,128.20509237304037,128.2050945896694,-24.431805023945344,-24.42899373142791,-24.42899373142791
1975-01-06,128.13812019594556,128.1381284213552,-24.491337847575778,-24.48965401177702,-24.48965401177702
1975-01-07,128.07098511583257,128.07099655264392,-24.550799072228983,-24.550037871496897,-24.550037871496897
1975-01-08,128.00368734681632,128.00369974033399,-24.610175251604232,-24.61014531059118,-24.61014531059118
1975-01-09,127.93622714046444,127.93623874122385,-24.66945246555406,-24.669976329052588,-24.669976329052588
1975-01-10,127.86860478711445,127.86861431211193,-24.72861630524494,-24.7295309268884,-24.7295309268884
1975-01-11,127.80082061723243,127.80082720979667,-24.787651857797755,-24.78880910409498,-24.78880910409498

==> axis_bootstrap_distribution.csv <==
angle_deg
135.3438376891025
135.2457944809525
135.2489965756928
135.5314587705297
135.4087891485809
135.22864665543372
135.3140005602866
135.29282058370723
135.13353700037874

==> axis_distance_analysis.csv <==
MJD,Year,Month,Day,Type,x_pole,sigma_x_pole,y_pole,sigma_y_pole,x_rate,sigma_x_rate,y_rate,sigma_y_rate,Type.1,UT1-UTC,sigma_UT1-UTC,LOD,sigma_LOD,Type.2,dPsi,sigma_dPsi,dEpsilon,sigma_dEpsilon,dX,sigma_dX,dY,sigma_dY,Type.3,bulB/x_pole,bulB/y_pole,Type.4,bulB/UT-UTC,Type.5,bulB/dPsi,bulB/dEpsilon,bulB/dX,bulB/dY,date,x,y,x_detrend,y_detrend,x_filt,y_filt,v_filt_parallel,x_c,y_c,dist_principal
41684,1973,1,2,final,0.120733,0.009786,0.136966,0.015902,,,,,final,0.8084178,0.000271,0.0,0.1916,prediction,44.969,0.5,2.839,0.3,,,,,final,0.143,0.137,final,0.8075,final,0.0,0.0,,,1973-01-02,120.733,136.966,120.733,136.966,66.28303374771754,184.14229739271255,,66.59711419887901,-79.50471942312092,174.63239456810203
41685,1973,1,3,final,0.11898,0.011039,0.135656,0.013616,,,,,final,0.8056163,0.000271,3.5563,0.1916,prediction,45.005,0.5,2.762,0.3,,,,,final,0.141,0.134,final,0.8044,final,0.0,0.0,,,1973-01-03,118.98,135.656,118.97347533865737,135.6499753071021,65.99204353244963,184.3413889773188,0.229546270308957,66.3061239836111,-79.30562783851468,174.57961363336233
41686,1973,1,4,final,0.117227,0.011039,0.134348,0.013616,,,,,final,0.8027895,0.000271,2.6599,0.1916,prediction,45.122,0.5,2.851,0.3,,,,,final,0.139,0.131,final,0.8012,final,0.0,0.0,,,1973-01-04,117.227,134.34799999999998,117.21395067731471,134.3359506142042,65.70136027171958,184.54076156886725,0.2291770450448911,66.01544072288105,-79.10625524696621,174.52671615740257
41687,1973,1,5,final,0.115473,0.009743,0.133044,0.013089,,,,,final,0.7998729,0.000271,3.0344,0.1916,prediction,45.344,0.5,3.02,0.3,,,,,final,0.137,0.128,final,0.7981,final,0.0,0.0,,,1973-01-05,115.473,133.04399999999998,115.45342601597208,133.02592592130628,65.41098954860706,184.74041145491148,0.2288033877918108,65.72506999976854,-78.90660536092199,174.4737021140806
41688,1973,1,6,final,0.113717,0.011236,0.131746,0.009898,,,,,final,0.7968144,0.000271,3.1276,0.1916,prediction,45.623,0.5,3.115,0.3,,,,,final,0.136,0.126,final,0.7949,final,0.0,0.0,,,1973-01-06,113.717,131.746,113.69090135462945,131.72190122840843,65.12093693589082,184.94033490826493,0.2284253123146973,65.4350173870523,-78.70668190756854,174.42057148041692
41689,1973,1,7,final,0.111957,0.012506,0.130458,0.009144,,,,,final,0.7935822,0.000271,3.3271,0.1916,prediction,45.812,0.5,3.086,0.3,,,,,final,0.134,0.123,final,0.7918,final,0.0,0.0,,,1973-01-07,111.957,130.458,111.9243766932868,130.4278765355105,64.83120799578317,185.14052818712955,0.2280428326016556,65.14528844694465,-78.50648862870392,174.36732423665222
41690,1973,1,8,final,0.110189,0.012042,0.129182,0.008563,,,,,final,0.790171,0.000271,3.494,0.1916,prediction,45.804,0.5,3.014,0.3,,,,,final,0.132,0.122,final,0.7887,final,0.0,0.0,,,1973-01-08,110.189,129.182,110.14985203194414,129.1458518426126,64.54180827966461,185.34098753522585,0.2276559628634896,64.85588873082608,-78.30602928060762,174.3139603663057
41691,1973,1,9,final,0.10841,0.011753,0.12792,0.00767,,,,,final,0.7866053,0.000271,3.6275,0.1916,prediction,45.647,0.5,2.993,0.3,,,,,final,0.13,0.12,final,0.7855,final,0.0,0.0,,,1973-01-09,108.41,127.92,108.36432737060152,127.87782714971472,64.25274332781866,185.54170918192415,0.2272647175331369,64.56682377898014,-78.10530763390932,174.26047985623387
41692,1973,1,10,final,0.106616,0.011233,0.126675,0.00785,,,,,final,0.7829389,0.000271,3.6924,0.2189,prediction,45.466,0.5,3.049,0.3,,,,,final,0.128,0.119,final,0.7824,final,0.0,0.0,,,1973-01-10,106.616,126.675,106.56380270925884,126.62680245681682,63.96401866916703,185.74268934237725,0.226869111265091,64.2780991203285,-77.90432747345622,174.20688269669114

==> axis_dwell_times.csv <==
dwell_years
0.4024640657084189
0.3860369609856263
2.6557152635181382
0.6351813826146473
0.2108145106091719
0.5475701574264207
1.8781656399726208
0.39972621492128724
1.1882272416153326

==> axis_plane_summary.csv <==
plane_normal_x,plane_normal_y,plane_normal_z
,,

==> axis_states_timeseries.csv <==
date,x,y,z,state
1975-01-03,-0.6203068717861906,0.7843592192451304,0.0,0
1975-01-04,-0.6193940936274102,0.7850802231488697,0.0,0
1975-01-05,-0.6184782388353509,0.785801926751979,0.0,0
1975-01-06,-0.6175593044503678,0.7865243197045964,0.0,0
1975-01-07,-0.6166372880044689,0.787247391257979,0.0,0
1975-01-08,-0.6157121875407066,0.7879711302540454,0.0,0
1975-01-09,-0.6147840016332058,0.7886955251146429,0.0,0
1975-01-10,-0.6138527294078486,0.7894205638305444,0.0,0
1975-01-11,-0.6129183705636304,0.790146233950162,0.0,0

==> entropy_analysis.csv <==
date,entropy
1974-01-02,0.6874278894060182
1974-01-03,0.6868249785936901
1974-01-04,0.6861916595430003
1974-01-05,0.6855278933677258
1974-01-06,0.6848336392231006
1974-01-07,0.6841088542904403
1974-01-08,0.6833534937609568
1974-01-09,0.6825675108187493
1974-01-10,0.6817508566229548

==> filtered_drift_analysis.csv <==
date,filtered_drift_mas_per_year,direction_deg,parallel_mas_per_year
1975-07-03,9.052664535756042,210.71204897894134,2.451487706079629
1975-07-04,9.009373800548069,210.6658237349403,2.4327666425179495
1975-07-05,8.966217242424474,210.61977406301622,2.4141738407874955
1975-07-06,8.923195048642098,210.57390321895335,2.3957091909706487
1975-07-07,8.880307403237225,210.52821449351822,2.3773725796166
1975-07-08,8.837554487029488,210.48271121277412,2.3591638897510134
1975-07-09,8.79493647762615,210.43739673839715,2.3410830008859143
1975-07-10,8.752453549426697,210.3922744679939,2.323129789029819
1975-07-11,8.71010587362779,210.3473478354209,2.3053041266981316

==> filtered_series.csv <==
MJD,Year,Month,Day,Type,x_pole,sigma_x_pole,y_pole,sigma_y_pole,x_rate,sigma_x_rate,y_rate,sigma_y_rate,Type.1,UT1-UTC,sigma_UT1-UTC,LOD,sigma_LOD,Type.2,dPsi,sigma_dPsi,dEpsilon,sigma_dEpsilon,dX,sigma_dX,dY,sigma_dY,Type.3,bulB/x_pole,bulB/y_pole,Type.4,bulB/UT-UTC,Type.5,bulB/dPsi,bulB/dEpsilon,bulB/dX,bulB/dY,date,x,y,x_detrend,y_detrend,x_filt,y_filt,v_filt_parallel
41684,1973,1,2,final,0.120733,0.009786,0.136966,0.015902,,,,,final,0.8084178,0.000271,0.0,0.1916,prediction,44.969,0.5,2.839,0.3,,,,,final,0.143,0.137,final,0.8075,final,0.0,0.0,,,1973-01-02,120.73299999999999,136.966,120.73299999999999,136.966,66.28303374771754,184.14229739271255,
41685,1973,1,3,final,0.11898,0.011039,0.135656,0.013616,,,,,final,0.8056163,0.000271,3.5563,0.1916,prediction,45.005,0.5,2.762,0.3,,,,,final,0.141,0.134,final,0.8044,final,0.0,0.0,,,1973-01-03,118.98,135.656,118.97347533865737,135.6499753071021,65.99204353244963,184.3413889773188,0.229546270308957
41686,1973,1,4,final,0.117227,0.011039,0.134348,0.013616,,,,,final,0.8027895,0.000271,2.6599,0.1916,prediction,45.122,0.5,2.851,0.3,,,,,final,0.139,0.131,final,0.8012,final,0.0,0.0,,,1973-01-04,117.227,134.34799999999998,117.21395067731471,134.3359506142042,65.70136027171958,184.54076156886723,0.22917704504489117
41687,1973,1,5,final,0.115473,0.009743,0.133044,0.013089,,,,,final,0.7998729,0.000271,3.0344,0.1916,prediction,45.344,0.5,3.02,0.3,,,,,final,0.137,0.128,final,0.7981,final,0.0,0.0,,,1973-01-05,115.47300000000001,133.04399999999998,115.45342601597208,133.02592592130628,65.41098954860706,184.74041145491148,0.2288033877918108
41688,1973,1,6,final,0.113717,0.011236,0.131746,0.009898,,,,,final,0.7968144,0.000271,3.1276,0.1916,prediction,45.623,0.5,3.115,0.3,,,,,final,0.136,0.126,final,0.7949,final,0.0,0.0,,,1973-01-06,113.717,131.746,113.69090135462943,131.72190122840843,65.12093693589082,184.94033490826493,0.22842531231469734
41689,1973,1,7,final,0.111957,0.012506,0.130458,0.009144,,,,,final,0.7935822,0.000271,3.3271,0.1916,prediction,45.812,0.5,3.086,0.3,,,,,final,0.134,0.123,final,0.7918,final,0.0,0.0,,,1973-01-07,111.95700000000001,130.458,111.92437669328679,130.4278765355105,64.83120799578317,185.14052818712955,0.22804283260165562
41690,1973,1,8,final,0.110189,0.012042,0.129182,0.008563,,,,,final,0.790171,0.000271,3.494,0.1916,prediction,45.804,0.5,3.014,0.3,,,,,final,0.132,0.122,final,0.7887,final,0.0,0.0,,,1973-01-08,110.189,129.182,110.14985203194414,129.1458518426126,64.54180827966461,185.34098753522585,0.2276559628634896
41691,1973,1,9,final,0.10841,0.011753,0.12792,0.00767,,,,,final,0.7866053,0.000271,3.6275,0.1916,prediction,45.647,0.5,2.993,0.3,,,,,final,0.13,0.12,final,0.7855,final,0.0,0.0,,,1973-01-09,108.41000000000001,127.92,108.36432737060152,127.87782714971472,64.25274332781866,185.54170918192418,0.22726471753313696
41692,1973,1,10,final,0.106616,0.011233,0.126675,0.00785,,,,,final,0.7829389,0.000271,3.6924,0.2189,prediction,45.466,0.5,3.049,0.3,,,,,final,0.128,0.119,final,0.7824,final,0.0,0.0,,,1973-01-10,106.616,126.67500000000001,106.56380270925885,126.62680245681682,63.96401866916703,185.74268934237725,0.22686911126509102

==> hybrid_simulation_corrected.csv <==
theta1,theta2,state
87.17294371527889,-0.0201034653245766,1
87.0849127650814,359.8794418614281,1
86.9972618183277,359.77842031391185,1
86.90999187348143,359.6768240549292,1
86.82310395572105,359.5746451746246,1
86.73659911757726,359.4718756896699,1
86.65047843958196,359.368507542443,1
86.56474303092915,359.26453260019906,1
86.47939403014779,359.1599426542348,1

==> hybrid_simulation_final_intrinsic.csv <==
phi,r,theta1,theta2,state
87.19304718060347,87.15284024995431,0.0,0.0,1
87.14768872271486,86.66195777305558,86.90482324788522,359.7571345251704,1
87.10412655414828,86.17159820106491,86.6378623776066,359.5337358234583,1
87.06238820354075,85.68177037399077,86.37207928876576,359.30969108522504,1
87.02250103202616,85.19248290816468,86.10749197009542,359.08499093806927,1
86.98449223333617,84.70374419829608,85.84411821581612,358.85962598247994,1
86.9483888341978,84.21556241987959,85.5819756270387,358.6335867928409,1
86.91421769502756,83.72794553195517,85.32108161349137,358.4068639184638,1
86.88200551092189,83.2409012802218,85.06145339557185,358.17944788464996,1

==> hybrid_simulation_geometric.csv <==
theta1,theta2,state
87.17294371527889,-0.0201034653245766,1
86.6713526501479,359.4075164065674,1
86.18607100007564,358.8212448581767,1
85.71788643162954,358.2212316757739,1
85.26749567479222,357.60774917696796,1
159.97444305118083,340.74016912949526,0
160.7348515067383,340.7086784298938,0
161.49527347014015,340.67751561580906,0
162.25570846046304,340.646672320642,0

==> hybrid_simulation_intrinsic_2D.csv <==
phi,r,theta1,theta2,state
87.19304718060347,87.15284024995431,0.0,0.0,1
86.8849965355,86.72728736599525,86.80614195074762,359.9211454152476,1
86.57723214063272,86.29732713419189,86.4372796374123,359.8600474967796,1
86.26992170891884,85.86292979507027,86.06642575199456,359.79650404307574,1
85.96323847828951,85.42406508750513,85.69365178289732,359.7304133046078,1
85.65736126059825,84.98070216899104,85.31903171479465,359.6616704541964,1
85.35247448746145,84.5328095325175,84.94264200998947,359.590167522528,1
85.04876825311638,84.08035492025051,84.56456158668345,359.51579333356705,1
84.74643835440956,83.6233052342601,84.18487179433484,359.4384334399253,1

==> hybrid_simulation_output.csv <==
theta1,theta2,state
87.17294371527889,-0.0201034653245766,1
87.0849127650814,359.8794418614281,1
60.21063887196773,359.77842031391185,0
60.23781249403484,359.3920105295068,0
60.265127282421226,359.0123233242126,0
58.45831108481358,358.63925880102914,1
58.492039852033265,358.6221807923974,1
58.525626173470506,358.60484196522043,1
58.559070952186,358.5872401114277,1

==> hybrid_simulation_phase_fibered.csv <==
theta1,theta2,state
87.17294371527889,-0.0201034653245766,1
87.06632952552687,359.2263409215076,1
86.97207145923124,358.47114024288186,1
86.89085970261726,357.7144254358974,1
86.82340225725247,356.9563607011616,1
86.77042236453764,356.19714677846383,1
86.73265505857971,355.43702423536985,1
86.7108427444237,354.67627666005694,1
86.7057297112587,353.9152336206911,1

==> hybrid_simulation_phase_reduced_embedding.csv <==
phi,theta1,theta2,state
87.19304718060347,0.0,0.0,1
87.08385527231282,113.57661569026322,75.54960464338075,1
86.97431563851659,113.19217813746019,75.83284308717566,1
86.86443241649437,112.80637842094904,76.11716732125296,1
86.75420982052742,112.4192352087789,76.40256446221525,1
86.64365214168949,112.03076756057885,76.68902132862115,1
86.53276374760624,111.64099492613377,76.97652444158803,1
86.4215490821831,111.24993714375182,77.26506002554703,1
86.31001266530103,110.85761443842244,77.55461400915095,1

==> hybrid_simulation_phase_reduced_FIXED.csv <==
phi,theta1,theta2,state
87.19304718060347,0.0,0.0,1
87.33721621412992,113.57661569026322,75.54960464338075,1
87.48229760480712,114.08397972299292,75.17592396940609,1
87.62830391987282,114.5942912331733,74.80021608917002,1
87.77524789945602,115.10757681101262,74.42246394313298,1
87.92314245932516,115.62386305255768,74.04265052369499,1
88.07200069366907,116.14317654809588,73.66075888487694,1
88.22183587791007,116.66554386993448,73.27677215248156,1
88.3726614715491,117.19099155952921,72.89067353475372,1

==> hybrid_simulation_phase_reduced.csv <==
theta1,theta2,state
87.17294371527889,-0.0201034653245766,1
86.84340931288195,359.6038552600752,1
86.52087973749542,359.2217889886555,1
86.20558521454137,358.83373058226465,1
85.89774037031165,358.43973627379495,1
85.59754198436926,358.0398851857854,1
85.30516697803917,357.6342784557051,1
85.02077070061577,357.223037988902,1
84.74448556438819,356.8063048752544,1

==> hybrid_system_corrected.csv <==
theta1,theta2,omega1,omega2,state,impulse
87.17294371527889,-0.02010346532457666,-21.16059599043431,-3.7248875766401954,1,0
87.1150091608903,-0.030301651708259606,-21.14979806238989,-3.74582577532721,1,0
87.05713373273329,-0.040614489419455294,-21.128503408373945,-3.7878513185498566,1,0
86.99931578151522,-0.05104279513632179,-21.107809572646147,-3.830177516916325,1,0
86.94155366662709,-0.061587398478545365,-21.087713342791176,-3.8728091034713614,1,0
86.88384575636647,-0.07224914204102466,-21.068211421807064,-3.915750822606647,1,0
86.82619042817777,-0.08302888142231893,-21.04930042205342,-3.9590074280767347,1,0
86.76858606890826,-0.09392748524746809,-21.03097685873763,-4.002583680772688,1,0
86.71103107508407,-0.10494583518425016,-21.013237143111837,-4.046484346385899,1,0

==> hybrid_system_state_space.csv <==
theta1,theta2,omega1,omega2,state
87.1150091608903,-0.030301651708259606,-21.16059599043431,-3.7248875766401954,1
87.05713373273329,-0.040614489419455294,-21.13900013434578,-3.7667639740142245,1
86.99931578151522,-0.05104279513632179,-21.118006682399944,-3.8089386630854882,1
86.94155366662709,-0.061587398478545365,-21.097612462891266,-3.851416370747162,1
86.88384575636647,-0.07224914204102466,-21.077814222690613,-3.89420183619556,1
86.82619042817777,-0.08302888142231893,-21.058608620923263,-3.9372998090177354,1
86.76858606890826,-0.09392748524746809,-21.039992223186456,-3.9807150471357304,1
86.71103107508407,-0.10494583518425016,-21.021961494288202,-4.024452314409648,1
86.65352385320334,-0.11608482595320882,-21.004512791935348,-4.068516378362155,1

==> impulses.csv <==
time,omega
0.5667351129363449,100.91203656830454
0.5694729637234771,101.81733734567678
0.5722108145106092,102.61311541368961
0.5749486652977412,103.2963275742458
0.5776865160848734,103.86435883929418
0.5804243668720055,104.31504750730713
0.5831622176591376,104.64670613575566
0.5859000684462696,104.85813803272494
0.5886379192334018,104.94864896570894

==> instantaneous_velocity.csv <==
MJD,Year,Month,Day,Type,x_pole,sigma_x_pole,y_pole,sigma_y_pole,x_rate,sigma_x_rate,y_rate,sigma_y_rate,Type.1,UT1-UTC,sigma_UT1-UTC,LOD,sigma_LOD,Type.2,dPsi,sigma_dPsi,dEpsilon,sigma_dEpsilon,dX,sigma_dX,dY,sigma_dY,Type.3,bulB/x_pole,bulB/y_pole,Type.4,bulB/UT-UTC,Type.5,bulB/dPsi,bulB/dEpsilon,bulB/dX,bulB/dY,date,x,y,v_mag,v_parallel
41684,1973,1,2,final,0.120733,0.009786,0.136966,0.015902,,,,,final,0.8084178,0.000271,0.0,0.1916,prediction,44.969,0.5,2.839,0.3,,,,,final,0.143,0.137,final,0.8075,final,0.0,0.0,,,1973-01-02,120.73299999999999,136.966,,
41685,1973,1,3,final,0.11898,0.011039,0.135656,0.013616,,,,,final,0.8056163,0.000271,3.5563,0.1916,prediction,45.005,0.5,2.762,0.3,,,,,final,0.141,0.134,final,0.8044,final,0.0,0.0,,,1973-01-03,118.98,135.656,2.1884032992115405,2.0323209225690255
41686,1973,1,4,final,0.117227,0.011039,0.134348,0.013616,,,,,final,0.8027895,0.000271,2.6599,0.1916,prediction,45.122,0.5,2.851,0.3,,,,,final,0.139,0.131,final,0.8012,final,0.0,0.0,,,1973-01-04,117.227,134.34799999999998,2.187206666046914,2.031803284478839
41687,1973,1,5,final,0.115473,0.009743,0.133044,0.013089,,,,,final,0.7998729,0.000271,3.0344,0.1916,prediction,45.344,0.5,3.02,0.3,,,,,final,0.137,0.128,final,0.7981,final,0.0,0.0,,,1973-01-05,115.47300000000001,133.04399999999998,2.185619363018175,2.0317339341247043
41688,1973,1,6,final,0.113717,0.011236,0.131746,0.009898,,,,,final,0.7968144,0.000271,3.1276,0.1916,prediction,45.623,0.5,3.115,0.3,,,,,final,0.136,0.126,final,0.7949,final,0.0,0.0,,,1973-01-06,113.717,131.746,2.183652902821321,2.0321128715066825
41689,1973,1,7,final,0.111957,0.012506,0.130458,0.009144,,,,,final,0.7935822,0.000271,3.3271,0.1916,prediction,45.812,0.5,3.086,0.3,,,,,final,0.134,0.123,final,0.7918,final,0.0,0.0,,,1973-01-07,111.95700000000001,130.458,2.1809502516105215,2.0333883843608005
41690,1973,1,8,final,0.110189,0.012042,0.129182,0.008563,,,,,final,0.790171,0.000271,3.494,0.1916,prediction,45.804,0.5,3.014,0.3,,,,,final,0.132,0.122,final,0.7887,final,0.0,0.0,,,1973-01-08,110.189,129.182,2.180366941594942,2.038009962429906
41691,1973,1,9,final,0.10841,0.011753,0.12792,0.00767,,,,,final,0.7866053,0.000271,3.6275,0.1916,prediction,45.647,0.5,2.993,0.3,,,,,final,0.13,0.12,final,0.7855,final,0.0,0.0,,,1973-01-09,108.41000000000001,127.92,2.181165972593535,2.0450116798876126
41692,1973,1,10,final,0.106616,0.011233,0.126675,0.00785,,,,,final,0.7829389,0.000271,3.6924,0.2189,prediction,45.466,0.5,3.049,0.3,,,,,final,0.128,0.119,final,0.7824,final,0.0,0.0,,,1973-01-10,106.616,126.67500000000001,2.183680608513987,2.055100643515235

==> manifold_centers_v4.csv <==
x_center,y_center
21.864400818711093,223.2079076453
15.573933245681763,230.98284436187328
19.552075002161313,235.56914611273237
20.937177056096175,234.66177668046876
22.27469679231558,234.17876375968655
23.547896623077904,234.15807968514738
24.713948804446062,234.61531226371582
25.714206650046307,235.5299665536316
26.491570067323938,236.8446083850795

==> manifold_centers.csv <==
x_center,y_center
9.453190668599301,247.74678412637036
7.672101024436962,256.5456058337441
5.8696210459066265,276.39152481901806
-0.17516286441365925,272.2298855140621
-1.236906614824287,285.11110205214175
-18.834145042891063,296.6837129161286
-22.13850898707758,282.45718095671083
-27.319270202802137,281.61988460252763
4.430520356203185,273.6135829119328

==> manifold_geometry_v4.csv <==
s,x,y,theta,curvature,tx,ty,nx,ny
0.0,21.864403436810072,223.20800648225315,-2.5800347620380792,,-0.8464265526962352,-0.5325054843609871,0.5325054843609871,-0.8464265526962352
1026.2408122565778,20.63211337982213,222.52442230472548,-2.699227904831648,,-0.903741894627782,-0.4280777825058184,0.4280777825058184,-0.903741894627782
1877.7826218053262,19.540884844786746,222.10128882387397,-2.8562721512832607,,-0.9595714917469848,-0.2814650106194009,0.2814650106194009,-0.9595714917469848
2591.5677521137895,18.584793965619816,221.9174084429928,-3.061673444040148,,-0.9968081593796524,-0.07983416164856989,0.07983416164856989,-0.9968081593796524
3211.8117596693883,17.757916876237196,221.95158356537573,2.965308980543129,,-0.9845022297028039,0.17537206071082673,-0.17537206071082673,-0.9845022297028039
3787.185043499353,17.05432971055475,222.18261659431658,2.677401390898615,,-0.8941839294966238,0.44769978802230515,-0.44769978802230515,-0.8941839294966238
4362.242301368458,16.468108602488364,222.58930993310955,2.397524235775324,,-0.7357191697668142,0.6772867215610023,-0.6772867215610023,-0.7357191697668142
4968.553915091464,15.993329685953896,223.15046598504838,2.1589649528568073,,-0.5548383276526371,0.8319581901361622,-0.8319581901361622,-0.5548383276526371
5622.526843855992,15.62406909486722,223.84488715342707,1.970453212426815,,-0.38910229012536185,0.9211945547975284,-0.9211945547975284,-0.38910229012536185

==> manifold_geometry.csv <==
s,x,y,theta,curvature
0.0,9.408568938328,247.6684320917733,2.2386333090345834,-0.28582952655645255
102.47550218666377,9.287546401584503,247.8310490139094,2.1834535536285467,-0.2588276266294988
207.7547244423722,9.17234294369743,248.00436935307317,2.1322862790039956,-0.2332318075936193
316.01882153647153,9.06283204974297,248.1881381150825,2.084977640381236,-0.20945724927581322
427.411967123171,8.958887204797328,248.38210030575542,2.041323652549107,-0.18770883796530752
542.0452706621497,8.86038189393669,248.58600093090973,2.0010914854316435,-0.1680378473046447
660.0005380938427,8.767189602237252,248.79958499636345,1.9640356986876273,-0.15039172053730798
781.3337678768464,8.679183814775207,249.02259750793436,1.9299099317579163,-0.13465367980199672
906.0783276890977,8.596238016626753,249.25478347144056,1.8984748436370225,-0.12067202419847285

==> mode_projection_analysis_filtered.csv <==
date,vx,vy,zach_75W_parallel,zach_75W_perp,adhikari_100W_parallel,adhikari_100W_perp,observed_326_parallel,observed_326_perp,v_mag,direction_deg
1973-01-02,-52.92021197071216,36.58569075695088,-21.64230484588141,-60.586073021332936,-26.840373536290468,-58.469273568437174,-64.3313027111597,0.7383052712020906,64.33553919248946,145.34246755201718
1973-01-03,-52.91154497160349,36.594444824470116,-21.653003810216525,-60.579967062453534,-26.85049961845486,-58.462258368391495,-64.32901265569056,0.7504092464841783,64.3333893347242,145.33166496885224
1973-01-04,-52.89407730009426,36.61186686387573,-21.67435317408522,-60.567603743020335,-26.870690207260463,-58.44808137545616,-64.32427358050397,0.7746205696900859,64.32893756845755,145.31005292975414
1973-01-05,-52.876342392102465,36.62911662736876,-21.695605298091927,-60.55493770467971,-26.890757542539887,-58.43361129056263,-64.31921662076482,0.798838506436212,64.32417717832257,145.2884284954377
1973-01-06,-52.858340469571914,36.64619394674536,-21.716759962320943,-60.54196911827856,-26.910701420104562,-58.418848303074604,-64.31384186641446,0.8230627931658532,64.31910826480464,145.26679158457762
1973-01-07,-52.84007175793187,36.663098655950606,-21.737816948030122,-60.52869815858665,-26.93052163727692,-58.403792606161424,-64.3081494114855,0.8472931661547847,64.313730932355,145.24514211578742
1973-01-08,-52.82153648608919,36.67983059107842,-21.758776037652915,-60.515125004289004,-26.95021799289173,-58.38844439679035,-64.3021393540952,0.8715293615156234,64.308045289384,145.22348000761804
1973-01-09,-52.80273488642324,36.696389590402745,-21.779637014829724,-60.5012498379891,-26.969790287327665,-58.372803875726945,-64.29581179645874,0.8957711152264984,64.30205144827431,145.2018051785359
1973-01-10,-52.78366719478581,36.71277549437753,-21.800399664407966,-60.48707284620869,-26.989238322507305,-58.356871247535004,-64.28916684488907,0.9200181631310969,64.29574952538056,145.18011754692532

==> mode_projection_analysis.csv <==
date,vx,vy,zach_75W_parallel,zach_75W_perp,adhikari_100W_parallel,adhikari_100W_perp,observed_326_parallel,observed_326_perp,v_mag,direction_deg
1973-01-02,-640.2832500000001,-478.4775000000008,627.891273908367,-494.62703766225854,582.3923711950591,-547.4691627942251,-263.25764885722845,-754.7176747333917,799.3143050370194,216.7704077247491
1973-01-03,-640.2832500000001,-478.1122500000043,627.5384695003182,-494.7215713184814,582.0326701632748,-547.5325877911173,-263.46189406521916,-754.4148687600189,799.0957163135272,216.74942950553037
1973-01-04,-640.4658750000009,-477.0165000000042,626.527323104274,-495.1815744911794,580.9852795663583,-547.9027132976905,-264.2260326758859,-753.6085734438884,798.5870511796262,216.67859795857646
1973-01-05,-641.013750000001,-475.1902499999955,624.9051015483408,-496.18344938437826,579.2819119027504,-548.759389829838,-265.70146767591785,-752.4009113889916,797.9375924119141,216.54993003461087
1973-01-06,-642.1095000000009,-472.2682499999971,622.3662672525967,-497.99813185832363,576.5945786391288,-550.3458929003435,-268.24384725998556,-750.5911992259652,797.0833770367508,216.3342914433984
1973-01-07,-644.3010000000011,-468.2505000000039,619.0526207013726,-501.1548285250951,573.0184172708279,-553.20177405689,-272.3073803881559,-748.485804766794,796.4812046440613,216.00805586071334
1973-01-08,-647.7708749999995,-463.5022499999994,615.3642331308158,-505.73540793249765,568.9448413280649,-557.4434588184795,-277.8392248391316,-746.4896565888355,796.5183251208517,215.58501830639952
1973-01-09,-652.5191249999988,-457.84087499999833,611.1247023369153,-511.7871369086416,564.1940002949613,-563.1026596835583,-284.9415032169026,-744.4513517054154,797.1194862199319,215.0554682664554
1973-01-10,-658.545749999999,-450.9011250000015,605.98122391162,-519.4045491097505,558.4061931397299,-570.2428016490193,-293.8184607294618,-742.0680841431586,798.1192450814152,214.39913750650422

==> omega_events.csv <==
start_idx,peak,sign,end_idx,duration,start_date,end_date
203,104.8379556695072,1.0,226,23,1975-07-25,1975-08-17
1139,-104.84980820500276,-1.0,1168,29,1978-02-15,1978-03-16
2491,123.73368914494858,1.0,2559,68,1981-10-29,1982-01-05
3475,-139.6648256543849,-1.0,3527,52,1984-07-09,1984-08-30
5571,-127.56295327832048,-1.0,5627,56,1990-04-05,1990-05-31
6344,125.63353308382648,1.0,6507,163,1992-05-17,1992-10-27
6872,-153.8540207352271,-1.0,7023,151,1993-10-27,1994-03-27
8391,102.4021130287947,1.0,8415,24,1997-12-24,1998-01-17
8907,-114.76577889013606,-1.0,8954,47,1999-05-24,1999-07-10

==> omega_model_fit.csv <==
phi,c,sigma,r2
0.9999230169341444,-0.0014076174692277056,0.6080715357585463,0.9998416156393469

==> omega_sign_runs.csv <==
sign,length
-1.0,147
1.0,141
-1.0,970
1.0,232
-1.0,77
1.0,200
-1.0,686
1.0,146
-1.0,434

==> omega_summary.csv <==
mean,std,skewness,kurtosis_excess,num_events,burstiness
-13.556704524386518,48.31561350929779,-0.23562824519546782,1.9972301128391026,19,-0.3433680903233915

==> phase_surrogate_results.csv <==
anisotropy
802
813
828
807
830
830
804
795
815

==> potential.csv <==
s,V
995.2915515234712,
2985.8746545704134,
4976.457757617356,7.436024253606988
6967.040860664298,7.950883330773976
8957.623963711241,6.102192673397807
10948.207066758183,3.738235542306858
12938.790169805125,2.9872561689283605
14929.373272852068,2.5612702232456046
16919.95637589901,2.1831412172408684

==> quadrupole_time_tracking.csv <==
date,phi_deg,theta_deg,quadrupole_power,dipole_magnitude,lambda1,lambda2,lambda3,phi_unwrapped_deg
1973-01-02,130.08183494735135,90.0,0.5940389505355446,0.9806828336082425,0.6289286507562508,-0.29559531742291745,-0.3333333333333333,130.08183494735135
1973-02-01,126.32002474928339,90.0,0.5614943939901675,0.9709247343135083,0.6109794660116219,-0.2776461326782887,-0.3333333333333333,126.32002474928339
1973-03-03,121.99740975324784,90.0,0.4965432717494904,0.9478891435328888,0.5727926354761137,-0.23945930214278016,-0.3333333333333333,121.99740975324784
1973-04-02,118.60116199052096,90.0,0.3985560874162945,0.8953471687630263,0.5071732163464253,-0.1738398830130919,-0.3333333333333333,118.60116199052096
1973-05-02,118.24434334302411,90.0,0.3195693110040714,0.8105216035315181,0.4431649888472946,-0.10983165551396142,-0.3333333333333333,118.24434334302411
1973-06-01,120.15977134969445,90.0,0.2769489955195015,0.7124905911276841,0.4014882253584048,-0.06815489202507144,-0.3333333333333333,120.15977134969445
1973-07-01,122.97750029211743,90.0,0.25551332095523505,0.6182059463643416,0.3774350873190125,-0.04410175398567912,-0.3333333333333333,122.97750029211743
1973-07-31,126.0331895940317,90.0,0.24484422194484554,0.5406319928204868,0.3643754870037711,-0.03104215367043786,-0.3333333333333333,126.0331895940317
1973-08-30,129.0736966973996,90.0,0.24023346804306864,0.49259771972101263,0.3584566577720447,-0.02512332443871132,-0.3333333333333333,129.0736966973996

==> R_parameter_timeseries.csv <==
date,vx,vy,zach_75W_parallel,zach_75W_perp,adhikari_100W_parallel,adhikari_100W_perp,observed_326_parallel,observed_326_perp,v_mag,direction_deg,dist_75W,dist_100W,dist_45,R,dominant_axis,anisotropy_excess
1973-01-02,-52.92021197071216,36.58569075695088,-21.64230484588141,-60.586073021332936,-26.840373536290468,-58.469273568437174,-64.3313027111597,0.7383052712020906,64.33553919248946,145.34246755201718,139.65753244798282,114.65753244798282,100.34246755201718,1.7107268643752078,observed_326_parallel,0.7107268643752078
1973-01-03,-52.91154497160349,36.59444482447011,-21.653003810216525,-60.579967062453534,-26.85049961845486,-58.462258368391495,-64.32901265569056,0.7504092464841783,64.3333893347242,145.33166496885224,139.66833503114776,114.66833503114776,100.33166496885224,1.7103849551912882,observed_326_parallel,0.7103849551912882
1973-01-04,-52.89407730009426,36.61186686387573,-21.67435317408522,-60.567603743020335,-26.870690207260463,-58.44808137545616,-64.32427358050397,0.7746205696900859,64.32893756845755,145.31005292975414,139.68994707024586,114.68994707024586,100.31005292975414,1.7097013248227382,observed_326_parallel,0.7097013248227382
1973-01-05,-52.876342392102465,36.62911662736876,-21.695605298091927,-60.55493770467971,-26.890757542539887,-58.43361129056263,-64.31921662076482,0.798838506436212,64.32417717832257,145.2884284954377,139.7115715045623,114.7115715045623,100.2884284954377,1.7090178428982628,observed_326_parallel,0.7090178428982628
1973-01-06,-52.858340469571914,36.64619394674536,-21.716759962320943,-60.54196911827856,-26.91070142010456,-58.41884830307461,-64.31384186641446,0.8230627931658532,64.31910826480464,145.26679158457762,139.73320841542238,114.73320841542238,100.26679158457762,1.7083345069442089,observed_326_parallel,0.7083345069442089
1973-01-07,-52.84007175793187,36.663098655950606,-21.73781694803012,-60.52869815858665,-26.93052163727692,-58.403792606161424,-64.3081494114855,0.8472931661547847,64.313730932355,145.24514211578742,139.75485788421258,114.75485788421258,100.24514211578742,1.70765131449239,observed_326_parallel,0.7076513144923899
1973-01-08,-52.82153648608919,36.67983059107842,-21.758776037652915,-60.51512500428901,-26.95021799289173,-58.38844439679035,-64.3021393540952,0.8715293615156234,64.308045289384,145.22348000761804,139.77651999238196,114.77651999238196,100.22348000761804,1.706968263080042,observed_326_parallel,0.706968263080042
1973-01-09,-52.80273488642324,36.696389590402745,-21.779637014829724,-60.5012498379891,-26.969790287327665,-58.372803875726945,-64.29581179645874,0.8957711152264984,64.30205144827431,145.2018051785359,139.7981948214641,114.79819482146412,100.20180517853588,1.7062853502491067,observed_326_parallel,0.7062853502491067
1973-01-10,-52.78366719478581,36.71277549437753,-21.80039966440797,-60.48707284620869,-26.989238322507305,-58.35687124753501,-64.28916684488907,0.9200181631310967,64.29574952538056,145.18011754692532,139.81988245307468,114.81988245307468,100.18011754692532,1.7056025735463172,observed_326_parallel,0.7056025735463172

==> residual_drift_analysis.csv <==
date,residual_drift_mas_per_year,direction_deg,parallel_mas_per_year
1975-07-03,13.067047911439024,120.6264368462279,-12.584068677842094
1975-07-04,13.00790119181136,119.64796382045047,-12.585116012924585
1975-07-05,12.949533028181735,118.6674794560334,-12.582846159397858
1975-07-06,12.891885022309319,117.68511794099037,-12.577214917644781
1975-07-07,12.83489692155126,116.7009762664494,-12.56817948724528
1975-07-08,12.778506643629038,115.71510765270155,-12.555698124438873
1975-07-09,12.722651208691843,114.72752940427141,-12.539730015449289
1975-07-10,12.667267534281253,113.73822460432413,-12.52023544266114
1975-07-11,12.61229017707619,112.74712712550824,-12.497173487667855

==> residual_velocity.csv <==
MJD,Year,Month,Day,Type,x_pole,sigma_x_pole,y_pole,sigma_y_pole,x_rate,sigma_x_rate,y_rate,sigma_y_rate,Type.1,UT1-UTC,sigma_UT1-UTC,LOD,sigma_LOD,Type.2,dPsi,sigma_dPsi,dEpsilon,sigma_dEpsilon,dX,sigma_dX,dY,sigma_dY,Type.3,bulB/x_pole,bulB/y_pole,Type.4,bulB/UT-UTC,Type.5,bulB/dPsi,bulB/dEpsilon,bulB/dX,bulB/dY,date,x,y,x_res,y_res,v_res_mag,v_res_parallel
41684,1973,1,2,final,0.120733,0.009786,0.136966,0.015902,,,,,final,0.8084178,0.000271,0.0,0.1916,prediction,44.969,0.5,2.839,0.3,,,,,final,0.143,0.137,final,0.8075,final,0.0,0.0,,,1973-01-02,120.73299999999999,136.966,120.73299999999999,136.966,,
41685,1973,1,3,final,0.11898,0.011039,0.135656,0.013616,,,,,final,0.8056163,0.000271,3.5563,0.1916,prediction,45.005,0.5,2.762,0.3,,,,,final,0.141,0.134,final,0.8044,final,0.0,0.0,,,1973-01-03,118.98,135.656,118.97347533865737,135.6499753071021,2.197236452043776,2.0401825667305427
41686,1973,1,4,final,0.117227,0.011039,0.134348,0.013616,,,,,final,0.8027895,0.000271,2.6599,0.1916,prediction,45.122,0.5,2.851,0.3,,,,,final,0.139,0.131,final,0.8012,final,0.0,0.0,,,1973-01-04,117.227,134.34799999999998,117.21395067731471,134.3359506142042,2.1960391452381725,2.0396649286403625
41687,1973,1,5,final,0.115473,0.009743,0.133044,0.013089,,,,,final,0.7998729,0.000271,3.0344,0.1916,prediction,45.344,0.5,3.02,0.3,,,,,final,0.137,0.128,final,0.7981,final,0.0,0.0,,,1973-01-05,115.47300000000001,133.04399999999998,115.45342601597208,133.02592592130628,2.1944502225381752,2.039595578286221
41688,1973,1,6,final,0.113717,0.011236,0.131746,0.009898,,,,,final,0.7968144,0.000271,3.1276,0.1916,prediction,45.623,0.5,3.115,0.3,,,,,final,0.136,0.126,final,0.7949,final,0.0,0.0,,,1973-01-06,113.717,131.746,113.69090135462943,131.72190122840843,2.1924811473598527,2.039974515668192
41689,1973,1,7,final,0.111957,0.012506,0.130458,0.009144,,,,,final,0.7935822,0.000271,3.3271,0.1916,prediction,45.812,0.5,3.086,0.3,,,,,final,0.134,0.123,final,0.7918,final,0.0,0.0,,,1973-01-07,111.95700000000001,130.458,111.92437669328679,130.4278765355105,2.1897737976698184,2.0412500285223314
41690,1973,1,8,final,0.110189,0.012042,0.129182,0.008563,,,,,final,0.790171,0.000271,3.494,0.1916,prediction,45.804,0.5,3.014,0.3,,,,,final,0.132,0.122,final,0.7887,final,0.0,0.0,,,1973-01-08,110.189,129.182,110.14985203194414,129.1458518426126,2.189183657648043,2.045871606591423
41691,1973,1,9,final,0.10841,0.011753,0.12792,0.00767,,,,,final,0.7866053,0.000271,3.6275,0.1916,prediction,45.647,0.5,2.993,0.3,,,,,final,0.13,0.12,final,0.7855,final,0.0,0.0,,,1973-01-09,108.41000000000001,127.92,108.36432737060152,127.87782714971472,2.1899737299934467,2.0528733240491226
41692,1973,1,10,final,0.106616,0.011233,0.126675,0.00785,,,,,final,0.7829389,0.000271,3.6924,0.2189,prediction,45.466,0.5,3.049,0.3,,,,,final,0.128,0.119,final,0.7824,final,0.0,0.0,,,1973-01-10,106.616,126.67500000000001,106.56380270925885,126.62680245681682,2.192476188774555,2.0629622876767657

==> robustness_ar1.csv <==
real_anisotropy,surrogate_mean,surrogate_std,z_score
0.5400927534904361,0.557424232821697,0.029359188562907226,-0.5903255566523968

==> robustness_axis_stability.csv <==
real_std,null_mean,null_std,z_score
0.8834475702276415,0.8974856024823907,0.04960558442540602,-0.28299298188611755

==> robustness_smoothing.csv <==
window,axis_angle,anisotropy,planarity
3,-147.80541468341173,0.5400909873427683,0.8515398764937192
7,-147.77341330692923,0.5401013459281983,0.8515043658731062
15,-147.68353069978718,0.5401727905927467,0.8512594810684041
31,-147.40688991891517,0.5405284675870416,0.850041320606244
61,-146.57905082235686,0.542041313494993,0.844877825920989

==> robustness_states.csv <==
method,transitions,mean_dwell
mean,91,205.2888888888889
median,95,199.72340425531914
gmm,93,200.8586956521739

==> rolling_drift_analysis.csv <==
date,drift_mas_per_year,direction_deg,parallel_mas_per_year
1978-01-01,4.762284567052539,146.92287876251507,-3.543353138994292
1978-01-02,4.73380545015871,146.99359137446302,-3.5182572969050754
1978-01-03,4.705414064988245,147.07121435493696,-3.492888019379606
1978-01-04,4.677114359973526,147.15582231430952,-3.4672491912937655
1978-01-05,4.6489111023137175,147.24748605887396,-3.4413454158524286
1978-01-06,4.620809520823868,147.34627920489925,-3.415181378723477
1978-01-07,4.5928159012049,147.45227799985807,-3.388762293254274
1978-01-08,4.564936818995296,147.56556485009222,-3.3620931367190225
1978-01-09,4.537179672679859,147.68621785100774,-3.335179603015466

==> rolling_pca_analysis.csv <==
date,lambda1,lambda2,variance_ratio,principal_angle
1975-01-02,561.346231826291,11.275579882241058,0.9803088536767434,128.4050298803033
1975-01-03,555.4076613267647,11.240625175534793,0.9801629592054028,128.33854734135366
1975-01-04,549.5103145826353,11.205991676573095,0.9800148639312215,128.2719014691773
1975-01-05,543.6541717828131,11.171680229976184,0.9798645283210078,128.20509237304037
1975-01-06,537.8392102383775,11.13769167277803,0.9797119120421928,128.13812019594556
1975-01-07,532.0654043996101,11.104026834549657,0.9795569739458281,128.07098511583257
1975-01-08,526.3327258732493,11.07068653751636,0.9793996720492454,128.00368734681632
1975-01-09,520.6411434399641,11.037671596672379,0.9792399635183663,127.93622714046444
1975-01-10,514.9906230720424,11.004982819890586,0.9790778046496618,127.86860478711445

==> sde_inferred.csv <==
s,f,D,V
1259.8627234474318,3.6886073692437416,4797.790923402059,1178448.4876000276
3779.5881703422956,7.066594388597268,13972.247091965235,1164898.4098221674
6299.31361723716,12.984349026406464,39508.6141438249,1139636.9736436505
8819.039064132023,18.521130328156428,90387.24590650952,1099944.394620494
11338.764511026886,18.822778807532973,164102.71159096266,1052896.195552631
13858.489957921749,10.45030531224918,235021.8152840781,1016016.1280697765
16378.215404816614,-4.789118526254314,264648.20700771,1008883.8098676284
18897.94085171148,-20.406872276289832,234178.86820412806,1040627.2994600781
21417.66629860634,-30.530605914126113,163671.3564445463,1104801.5294585996

==> sn_dynamics_v2.csv <==
s,n,ds_dt,dn_dt
0.0,56.71941772165523,0.0,-0.3234702891546277
0.0,56.395947432500606,0.0,-0.323507487535899
0.0,56.072402746583435,0.0,-0.3235788266315289
0.0,55.74878977923755,0.0,-0.32364404689780457
0.0,55.425114652787826,0.0,-0.32370314146873724
0.0,55.10138349630007,0.0,-0.32375610372914565
0.0,54.777602445329535,0.0,-0.3238029273157004
0.0,54.45377764166867,0.0,-0.3238436061178831
0.0,54.12991523309377,0.0,-0.3238781342788215

==> sn_dynamics.csv <==
s,n,ds_dt,dn_dt
0.0,56.71941772165523,0.0,-0.3234702891546277
0.0,56.395947432500606,0.0,-0.323507487535899
0.0,56.072402746583435,0.0,-0.3235788266315289
0.0,55.74878977923755,0.0,-0.32364404689780457
0.0,55.425114652787826,0.0,-0.32370314146873724
0.0,55.10138349630007,0.0,-0.32375610372914565
0.0,54.777602445329535,0.0,-0.3238029273157004
0.0,54.45377764166867,0.0,-0.3238436061178831
0.0,54.12991523309377,0.0,-0.3238781342788215

==> so3_trajectory_corrected.csv <==
date,x,y,z,angle_170,angle_31
1975-01-03,-0.00033704324412496637,0.0005843421134395036,0.9999997724730472,0.024831575825567033,0.0006907573109652545
1975-01-04,-0.0006729155472955915,0.0011691225777953934,0.9999990901681183,0.049601446852951585,0.0014519574744724126
1975-01-05,-0.0010058581380835033,0.00175378274241845,0.9999979562456609,0.07420482012989962,0.002353491888135108
1975-01-06,-0.0013358594768715963,0.0023383305767747053,0.9999963738382115,0.09864112812482083,0.0033961624618952116
1975-01-07,-0.001662907623620446,0.0029227739649149657,0.9999943460493091,0.12290977967934089,0.004580788250993041
1975-01-08,-0.0019869902322184737,0.0035071207007848484,0.9999918759541037,0.14701015964484654,0.005908205595143307
1975-01-09,-0.0023080945447677024,0.004091378483348072,0.9999889665999714,0.17094162851349726,0.0073792682553791514
1975-01-10,-0.0026262073857960576,0.004675554911504751,0.9999856210071406,0.19470352204301286,0.008994847548470644
1975-01-11,-0.0029413151564139667,0.005259657478818199,0.9999818421693248,0.2182951508763747,0.010755832478445164

==> so3_trajectory_from_theta.csv <==
date,x,y,z
1975-01-03,-0.6203068717861906,0.7843592192451304,0.0
1975-01-04,-0.6193940936274102,0.7850802231488697,0.0
1975-01-05,-0.6184782388353509,0.785801926751979,0.0
1975-01-06,-0.6175593044503678,0.7865243197045964,0.0
1975-01-07,-0.6166372880044689,0.787247391257979,0.0
1975-01-08,-0.6157121875407066,0.7879711302540454,0.0
1975-01-09,-0.6147840016332058,0.7886955251146429,0.0
1975-01-10,-0.6138527294078486,0.7894205638305444,0.0
1975-01-11,-0.6129183705636304,0.790146233950162,0.0

==> so3_trajectory.csv <==
date,x,y,z,angle_170,angle_31
1975-01-03,0.0,0.0,1.0,0.0,0.0
1975-01-04,0.0,0.0,1.0,0.0,0.0
1975-01-05,0.0,0.0,1.0,0.0,0.0
1975-01-06,0.0,0.0,1.0,0.0,0.0
1975-01-07,0.0,0.0,1.0,0.0,0.0
1975-01-08,0.0,0.0,1.0,0.0,0.0
1975-01-09,0.0,0.0,1.0,0.0,0.0
1975-01-10,0.0,0.0,1.0,0.0,0.0
1975-01-11,0.0,0.0,1.0,0.0,0.0

==> spherical_harmonics_summary.csv <==
dipole_magnitude,dipole_theta,dipole_phi,quadrupole_eigenvalues,principal_axis_theta,principal_axis_phi,secondary_axis_theta,secondary_axis_phi,normal_axis_theta,normal_axis_phi,quadrupole_power_P2,dipole_power_P1,anisotropy_ratio,P2_isotropic_reference,dipole_quadrupole_alignment_deg
0.028033345165434223,90.0,134.2432522344482,"[0.325514523553322, 0.007818809780010785, -0.3333333333333333]",90.0,109.27886713735039,90.0,199.27886713735037,0.0,0.0,0.21713194994163332,0.0007858684411643744,0.9963937394014274,0.16666666666666666,24.964385097097857

==> state_transition_analysis.csv <==
MJD,Year,Month,Day,Type,x_pole,sigma_x_pole,y_pole,sigma_y_pole,x_rate,sigma_x_rate,y_rate,sigma_y_rate,Type.1,UT1-UTC,sigma_UT1-UTC,LOD,sigma_LOD,Type.2,dPsi,sigma_dPsi,dEpsilon,sigma_dEpsilon,dX,sigma_dX,dY,sigma_dY,Type.3,bulB/x_pole,bulB/y_pole,Type.4,bulB/UT-UTC,Type.5,bulB/dPsi,bulB/dEpsilon,bulB/dX,bulB/dY,date,x,y,x_detrend,y_detrend,x_filt,y_filt,v_filt_parallel,state,projection,dprojection
41684,1973,1,2,final,0.120733,0.009786,0.136966,0.015902,,,,,final,0.8084178,0.000271,0.0,0.1916,prediction,44.969,0.5,2.839,0.3,,,,,final,0.143,0.137,final,0.8075,final,0.0,0.0,,,1973-01-02,120.733,136.966,120.733,136.966,66.28303374771754,184.14229739271255,,1,-103.25721029930541,0.34689639248411197
41685,1973,1,3,final,0.11898,0.011039,0.135656,0.013616,,,,,final,0.8056163,0.000271,3.5563,0.1916,prediction,45.005,0.5,2.762,0.3,,,,,final,0.141,0.134,final,0.8044,final,0.0,0.0,,,1973-01-03,118.98,135.656,118.97347533865737,135.6499753071021,65.99204353244963,184.3413889773188,0.229546270308957,1,-102.9103139068213,0.34688606203956596
41686,1973,1,4,final,0.117227,0.011039,0.134348,0.013616,,,,,final,0.8027895,0.000271,2.6599,0.1916,prediction,45.122,0.5,2.851,0.3,,,,,final,0.139,0.131,final,0.8012,final,0.0,0.0,,,1973-01-04,117.227,134.34799999999998,117.21395067731471,134.3359506142042,65.70136027171958,184.54076156886725,0.2291770450448911,1,-102.56343817522628,0.34686211105637454
41687,1973,1,5,final,0.115473,0.009743,0.133044,0.013089,,,,,final,0.7998729,0.000271,3.0344,0.1916,prediction,45.344,0.5,3.02,0.3,,,,,final,0.137,0.128,final,0.7981,final,0.0,0.0,,,1973-01-05,115.473,133.04399999999998,115.45342601597208,133.02592592130628,65.41098954860706,184.74041145491148,0.2288033877918108,1,-102.21658968470855,0.3468315783648137
41688,1973,1,6,final,0.113717,0.011236,0.131746,0.009898,,,,,final,0.7968144,0.000271,3.1276,0.1916,prediction,45.623,0.5,3.115,0.3,,,,,final,0.136,0.126,final,0.7949,final,0.0,0.0,,,1973-01-06,113.717,131.746,113.69090135462945,131.72190122840843,65.12093693589082,184.94033490826493,0.2284253123146973,1,-101.86977501849665,0.34679446106409983
41689,1973,1,7,final,0.111957,0.012506,0.130458,0.009144,,,,,final,0.7935822,0.000271,3.3271,0.1916,prediction,45.812,0.5,3.086,0.3,,,,,final,0.134,0.123,final,0.7918,final,0.0,0.0,,,1973-01-07,111.957,130.458,111.9243766932868,130.4278765355105,64.83120799578317,185.14052818712955,0.2280428326016556,1,-101.52300076258035,0.3467507565331118
41690,1973,1,8,final,0.110189,0.012042,0.129182,0.008563,,,,,final,0.790171,0.000271,3.494,0.1916,prediction,45.804,0.5,3.014,0.3,,,,,final,0.132,0.122,final,0.7887,final,0.0,0.0,,,1973-01-08,110.189,129.182,110.14985203194414,129.1458518426126,64.54180827966461,185.34098753522585,0.2276559628634896,1,-101.17627350543043,0.34670046243122954
41691,1973,1,9,final,0.10841,0.011753,0.12792,0.00767,,,,,final,0.7866053,0.000271,3.6275,0.1916,prediction,45.647,0.5,2.993,0.3,,,,,final,0.13,0.12,final,0.7855,final,0.0,0.0,,,1973-01-09,108.41,127.92,108.36432737060152,127.87782714971472,64.25274332781866,185.54170918192415,0.2272647175331369,1,-100.8295998377179,0.34664357669906565
41692,1973,1,10,final,0.106616,0.011233,0.126675,0.00785,,,,,final,0.7829389,0.000271,3.6924,0.2189,prediction,45.466,0.5,3.049,0.3,,,,,final,0.128,0.119,final,0.7824,final,0.0,0.0,,,1973-01-10,106.616,126.675,106.56380270925884,126.62680245681682,63.96401866916703,185.74268934237725,0.226869111265091,1,-100.4829863520323,0.3465800975590554

==> states.csv <==
state_id,s_position,V_depth
0,18910.539478945953,2.042037071097849
1,50759.86912769703,0.9838450575175124
2,84599.78187949504,1.142528056624316
3,158251.3566922319,1.6867968263133388

==> theta_dynamics_summary.csv <==
theta,omega

==> theta_projection_analysis.csv <==
date,theta_deg,theta_wrapped,angle_to_170E,angle_to_31E
1975-01-03,-0.03865040636486949,-0.03865040636486583,80.0386504063649,58.961349593635134
1975-01-04,-0.07728913038369734,-0.07728913038369001,80.0772891303837,58.92271086961631
1975-01-05,-0.1158385714053996,-0.11583857140539067,80.11583857140543,58.88416142859461
1975-01-06,-0.1542993455920665,-0.15429934559207936,80.15429934559211,58.84570065440794
1975-01-07,-0.19267206602853804,-0.19267206602853548,80.19267206602852,58.80732793397146
1975-01-08,-0.2309573427399605,-0.23095734273996982,80.23095734273997,58.769042657260044
1975-01-09,-0.26915578270969953,-0.26915578270970286,80.26915578270973,58.730844217290304
1975-01-10,-0.30726798989674403,-0.30726798989675785,80.30726798989681,58.69273201010326
1975-01-11,-0.3452945652540771,-0.3452945652540791,80.34529456525411,58.654705434745914

==> theta_reconstruction.csv <==
date,theta_deg,theta_wrapped,x_phase,y_phase
1975-01-03,0.0,0.0,1.0,0.0
1975-01-04,-0.06671610412169628,-0.06671610412169571,0.9999993220681375,-0.0011644154178954507
1975-01-05,-0.13359904383813134,-0.1335990438381316,0.9999972814880739,-0.0023317410795340252
1975-01-06,-0.2006480623508679,-0.20064806235086508,0.9999938681116873,-0.003501962167871666
1975-01-07,-0.26786240286146856,-0.267862402861482,0.9999890718293233,-0.004675063842196466
1975-01-08,-0.335241308571506,-0.33524130857151135,0.9999828825702218,-0.0058510312381663656
1975-01-09,-0.402784022682533,-0.402784022682539,0.9999752903029452,-0.007029849467848526
1975-01-10,-0.470489788396122,-0.4704897883961223,0.9999662850358019,-0.008211503619762335
1975-01-11,-0.5383578489138359,-0.5383578489138472,0.9999558568172706,-0.009395978758923583

==> time_resolved_sde.csv <==
t_center,mean_f,mean_D,V_range
1500.0,43.64056310016065,426748.1692491715,2435937.4246536777
2000.0,28.698425267753322,159151.76133195145,2616391.6558149103
2500.0,27.897196728873237,111697.68501058462,2761578.1702027097
3000.0,38.07607666994966,346640.06576195045,1619350.6648603496
3500.0,25.08607214694227,569882.4493571135,1089757.6825277107
4000.0,32.61812329794363,1061313.8446315918,1061079.5433560582
4500.0,9.069300258504942,148486.28137018057,388424.8551519871
5000.0,10.508734535883802,274220.7240026588,441858.14477352536
5500.0,14.820676833340057,280393.50292586064,953617.0550396156

==> time_window_mode_tracking.csv <==
date,mean_direction,direction_std,mean_magnitude,zach_75W_parallel,adhikari_100W_parallel,greenland_45_parallel
1978-01-01,64.11589047919625,56.98167151455137,14.46354887671931,-8.409293829817775,-8.942532423137443,4.03996987997052
1978-01-31,62.58128490791023,57.17545733556058,13.971007293699468,-8.21829247654628,-8.70606609562636,4.139553544043922
1978-03-02,61.03960535481963,57.352856652516316,13.48199447291917,-8.021918365019593,-8.46468711470308,4.2319619973098925
1978-04-01,59.49123139665278,57.510890635841726,12.998764019716589,-7.8210597963434845,-8.219463586132216,4.316913625512477
1978-05-01,57.93673554957172,57.6468034037715,12.523482675834996,-7.616636740509703,-7.971488403186895,4.39419302658453
1978-05-31,56.37689890115712,57.758023583059526,12.058207330376536,-7.409590774923812,-7.721867347088397,4.463653061652564
1978-06-30,54.812724333049516,57.842136259649095,11.604864443872186,-7.200875965955925,-7.471708113431722,4.525217799875057
1978-07-30,53.245448508379866,57.8968804146766,11.165232689076216,-6.99144785916089,-7.222107683973686,4.578882508755088
1978-08-29,51.67654997203101,57.92017699995145,10.740928697236365,-6.782251084918376,-6.974138639306541,4.624710608447638

==> transition_matrix.csv <==
0,1,2,3
0.0,0.9999999999666667,0.0,0.0
0.4999999999875,0.0,0.4999999999875,0.0
0.0,0.6666666666444444,0.0,0.3333333333222222
0.0,0.0,0.9999999999,0.0

==> transitions.csv <==
from,to,start_idx,end_idx,dwell_time
0,1,0,398,398
1,0,398,675,277
0,1,675,1149,474
1,2,1149,2225,1076
2,1,2225,4304,2079
1,2,4304,5234,930
2,3,5234,6599,1365
3,2,6599,13152,6553
2,1,13152,16160,3008
